Roll: 0801ME11
Semester,Semester Credits,Semester Credits Cleared,SPI,Total Credits,Total Credits Cleared,CPI
1,43,43,5.14,43,43,42.9
2,38,38,5.37,81,81,22.78
3,47,47,4.53,128,128,14.41
4,49,49,4.71,177,177,10.42
5,46,46,4.74,223,223,8.27
6,46,46,4.61,269,269,6.86
7,40,40,6.35,309,309,5.97
8,40,40,5.5,349,349,5.29
10,12,12,6.0,361,361,5.11
